# ORYZO frame scroll-thumb measurement. Columns: frame, video time (s), thumb height px, thumb top px (vp-y). Reliable only where height = 150/151; other rows were read visually from a right-edge montage (see work/02-reference-teardown.md section 2).
01 0.0 0 710
02 1.5 326 27
03 3.0 150 3
04 3.5 150 6
05 7.0 151 35
06 8.5 0 710
07 9.0 558 1
08 9.5 166 48
09 10.0 0 710
10 14.0 150 70
11 17.0 151 89
12 18.0 150 96
13 19.5 150 103
14 23.5 151 115
15 27.5 150 121
16 29.0 151 128
17 30.0 150 137
18 31.0 150 147
19 31.5 150 152
20 34.5 150 149
21 35.0 160 144
22 35.5 151 146
23 36.0 150 150
24 36.5 151 152
25 38.0 150 163
26 41.0 543 1
27 41.5 538 14
28 43.5 151 212
29 47.5 150 225
30 48.0 380 0
31 48.5 150 231
32 49.5 151 236
33 53.5 150 240
34 57.5 151 248
35 61.0 150 280
36 61.5 0 709
37 62.0 676 34
38 66.0 695 14
39 70.0 697 12
40 70.5 631 78
41 71.0 692 17
42 71.5 539 126
43 72.0 482 40
44 72.5 150 327
45 76.5 150 337
46 80.5 150 346
47 81.0 150 351
48 82.5 150 369
49 83.0 150 373
50 84.0 0 709
51 84.5 0 710
52 85.5 0 710
53 86.0 0 588
54 86.5 400 162
55 87.0 150 417
56 89.0 190 437
57 89.5 150 429
58 93.5 150 434
59 94.0 150 438
60 94.5 258 333
61 95.0 277 317
62 95.5 257 334
63 96.0 262 330
64 96.5 298 297
65 97.0 568 71
66 97.5 503 103
67 98.0 450 161
68 98.5 436 178
69 99.0 150 466
70 99.5 467 172
71 100.0 536 103
72 100.5 456 183
73 101.0 531 103
74 101.5 512 127
75 102.0 541 103
76 102.5 545 103
77 103.0 195 457
78 103.5 578 79
79 104.0 150 512
80 105.0 150 520
81 109.0 150 521
82 110.0 150 528
83 114.0 150 550
84 118.0 0 559
